image_00000 468 408 504 448
image_00001 466 404 505 449
image_00002 464 404 505 449
image_00003 465 402 509 451
image_00004 464 402 510 451
image_00005 463 400 513 453
image_00006 464 400 513 451
image_00007 461 396 511 453
image_00008 460 397 510 452
image_00009 459 396 511 454
image_00010 457 395 513 455
image_00011 457 395 513 455
image_00012 457 394 512 456
image_00013 445 368 526 457
image_00014 451 362 520 458
image_00015 449 366 532 458
image_00016 449 373 538 458
image_00017 442 372 537 459
image_00018 447 369 540 460
image_00019 448 373 546 460
image_00020 447 372 543 461
image_00021 447 373 547 462
image_00022 447 372 546 461
image_00023 446 373 546 462
image_00024 445 375 547 463
image_00025 446 373 551 462
image_00026 447 373 547 462
image_00027 445 373 544 463
image_00028 444 374 547 464
image_00029 482 360 546 462
image_00030 480 359 549 465
image_00031 487 360 552 467
image_00032 488 358 550 468
image_00033 492 361 552 469
image_00034 489 360 552 470
image_00035 494 362 553 470
image_00036 494 360 557 470
image_00037 493 353 555 468
image_00038 493 354 555 468
image_00039 492 360 566 469
image_00040 490 360 563 469
image_00041 492 358 564 470
image_00042 489 360 565 471
image_00043 487 360 564 470
image_00044 489 358 566 466
image_00045 482 361 566 470
image_00046 482 359 565 468
image_00047 483 361 566 472
image_00048 509 359 566 416
image_00049 513 362 563 414
image_00050 514 364 566 413
image_00051 519 364 564 411
image_00052 525 366 561 409
image_00053 527 367 558 403
image_00054 528 370 561 405
image_00055 526 368 559 403
image_00056 524 371 558 401
image_00057 531 371 556 400
image_00058 530 368 554 397
image_00059 532 366 555 398
image_00060 534 366 557 397
image_00061 532 366 554 389
image_00062 531 366 554 393
image_00063 531 365 550 388
